 Cofficients c, b, a in E(k) = c + b *|K-K0| + a *|K-K0|^2
 K0 at VBM:     0.00000     0.00000     0.00000
 K0 at CBM:     0.42500     0.00000     0.42500
 HVB: highest valence band; LCB: lowest conduction band
 (c, b, a) in order of HVB-2, HVB-1, HVB, LCB
 Non-spin-polarized results
[100] direction:
     0.19048     0.00000    -2.75002     0.19048     0.00000    -1.58186     0.20163     0.00000    -1.92660     0.29428     0.00000    -0.76405
[010] direction:
     0.19048     0.00000    -2.75002     0.19048     0.00000    -1.58186     0.20163     0.00000    -1.92660     0.29428     0.00000    -0.76405
[001] direction:
     0.19048     0.00000    -2.75002     0.19048     0.00000    -1.58186     0.20163     0.00000    -1.92660     0.29428     0.00000    -0.76405
[110] direction:
     0.19051     0.00000    -2.76736     0.19049     0.00000    -0.18710     0.20155    -0.00000    -3.12023     0.29419     0.00000     0.57077
[101] direction:
     0.19051     0.00000    -2.76736     0.19049     0.00000    -0.18710     0.20155    -0.00000    -3.12023     0.29419     0.00000     0.57077
[011] direction:
     0.19051     0.00000    -2.76736     0.19049     0.00000    -0.18710     0.20155    -0.00000    -3.12023     0.29419     0.00000     0.57077
[111] direction:
     0.19048    -0.00000    -0.60483     0.19048    -0.00000    -0.60483     0.20148     0.00000    -4.67040     0.29429    -0.00000    -0.24402
[100] direction:
    -0.04450     0.01500    -0.08944     0.09600     0.00159    -1.15493     0.10107    -0.01194    -1.00789     0.22609     0.00103     2.38676
[010] direction:
    -0.04450    -0.48706     0.24247     0.09600    -0.06861     0.37265     0.10108    -0.06999     0.38075     0.22609     0.00133     0.42040
[001] direction:
    -0.04450     0.01500    -0.08944     0.09600     0.00159    -1.15493     0.10107    -0.01194    -1.00789     0.22609     0.00103     2.38676
[110] direction:
    -0.04450    -0.33231     0.03735     0.09600    -0.04785    -0.40004     0.10107    -0.05880    -0.23833     0.22609     0.00108     1.39270
[101] direction:
    -0.04450     0.02140    -0.06241     0.09603    -0.00081     0.23853     0.10102    -0.01365    -2.24375     0.22614     0.00111     1.44274
[011] direction:
    -0.04450    -0.33231     0.03735     0.09600    -0.04785    -0.40004     0.10107    -0.05880    -0.23833     0.22609     0.00108     1.39270
[111] direction:
    -0.04450    -0.26104    -0.01164     0.09603    -0.03994     0.28622     0.10102    -0.05399    -1.28484     0.22615    -0.00450     1.06370
