         170           1
     0.00000000     0.00000000     0.00000000     0.20635014     0.20635072     0.20635072     0.30031856
    -0.03000000     0.00000000     0.00000000     0.20358695     0.20472049     0.20472089     0.29936459
    -0.03000000     0.00000000     0.00000000     0.20358695     0.20472049     0.20472089     0.29936459
    -0.03000000     0.00000000     0.00000000     0.20358695     0.20472049     0.20472089     0.29936459
    -0.03000000     0.00000000     0.00000000     0.20358695     0.20472049     0.20472089     0.29936459
    -0.03000000     0.00000000     0.00000000     0.20358695     0.20472049     0.20472089     0.29936459
    -0.03000000     0.00000000     0.00000000     0.20358695     0.20472049     0.20472089     0.29936459
    -0.03000000     0.00000000     0.00000000     0.20358695     0.20472049     0.20472089     0.29936459
    -0.03000000     0.00000000     0.00000000     0.20358695     0.20472049     0.20472089     0.29936459
    -0.03000000     0.00000000     0.00000000     0.20358695     0.20472049     0.20472089     0.29936459
    -0.03000000     0.00000000     0.00000000     0.20358695     0.20472049     0.20472089     0.29936459
    -0.03000000     0.00000000     0.00000000     0.20358695     0.20472049     0.20472089     0.29936459
    -0.03000000     0.00000000     0.00000000     0.20358695     0.20472049     0.20472089     0.29936459
     0.00000000    -0.03000000     0.00000000     0.20358695     0.20472049     0.20472089     0.29936459
     0.00000000    -0.03000000     0.00000000     0.20358695     0.20472049     0.20472089     0.29936459
     0.00000000    -0.03000000     0.00000000     0.20358695     0.20472049     0.20472089     0.29936459
     0.00000000    -0.03000000     0.00000000     0.20358695     0.20472049     0.20472089     0.29936459
     0.00000000    -0.03000000     0.00000000     0.20358695     0.20472049     0.20472089     0.29936459
     0.00000000    -0.03000000     0.00000000     0.20358695     0.20472049     0.20472089     0.29936459
     0.00000000    -0.03000000     0.00000000     0.20358695     0.20472049     0.20472089     0.29936459
     0.00000000    -0.03000000     0.00000000     0.20358695     0.20472049     0.20472089     0.29936459
     0.00000000    -0.03000000     0.00000000     0.20358695     0.20472049     0.20472089     0.29936459
     0.00000000    -0.03000000     0.00000000     0.20358695     0.20472049     0.20472089     0.29936459
     0.00000000    -0.03000000     0.00000000     0.20358695     0.20472049     0.20472089     0.29936459
     0.00000000    -0.03000000     0.00000000     0.20358695     0.20472049     0.20472089     0.29936459
     0.00000000     0.00000000    -0.03000000     0.20358695     0.20472049     0.20472089     0.29936459
     0.00000000     0.00000000    -0.03000000     0.20358695     0.20472049     0.20472089     0.29936459
     0.00000000     0.00000000    -0.03000000     0.20358695     0.20472049     0.20472089     0.29936459
     0.00000000     0.00000000    -0.03000000     0.20358695     0.20472049     0.20472089     0.29936459
     0.00000000     0.00000000    -0.03000000     0.20358695     0.20472049     0.20472089     0.29936459
     0.00000000     0.00000000    -0.03000000     0.20358695     0.20472049     0.20472089     0.29936459
     0.00000000     0.00000000    -0.03000000     0.20358695     0.20472049     0.20472089     0.29936459
     0.00000000     0.00000000    -0.03000000     0.20358695     0.20472049     0.20472089     0.29936459
     0.00000000     0.00000000    -0.03000000     0.20358695     0.20472049     0.20472089     0.29936459
     0.00000000     0.00000000    -0.03000000     0.20358695     0.20472049     0.20472089     0.29936459
     0.00000000     0.00000000    -0.03000000     0.20358695     0.20472049     0.20472089     0.29936459
     0.00000000     0.00000000    -0.03000000     0.20358695     0.20472049     0.20472089     0.29936459
    -0.03000000    -0.03000000     0.00000001     0.19838071     0.20309073     0.20600686     0.30111143
    -0.03000000    -0.03000000     0.00000001     0.19838071     0.20309073     0.20600686     0.30111143
    -0.03000000    -0.03000000     0.00000001     0.19838071     0.20309073     0.20600686     0.30111143
    -0.03000000    -0.03000000     0.00000001     0.19838071     0.20309073     0.20600686     0.30111143
    -0.03000000    -0.03000000     0.00000001     0.19838071     0.20309073     0.20600686     0.30111143
    -0.03000000    -0.03000000     0.00000001     0.19838071     0.20309073     0.20600686     0.30111143
    -0.03000000    -0.03000000     0.00000001     0.19838071     0.20309073     0.20600686     0.30111143
    -0.03000000    -0.03000000     0.00000001     0.19838071     0.20309073     0.20600686     0.30111143
    -0.03000000    -0.03000000     0.00000001     0.19838071     0.20309073     0.20600686     0.30111143
    -0.03000000    -0.03000000     0.00000001     0.19838071     0.20309073     0.20600686     0.30111143
    -0.03000000    -0.03000000     0.00000001     0.19838071     0.20309073     0.20600686     0.30111143
    -0.03000000    -0.03000000     0.00000001     0.19838071     0.20309073     0.20600686     0.30111143
    -0.03000000     0.00000001    -0.03000000     0.19838071     0.20309073     0.20600686     0.30111143
    -0.03000000     0.00000001    -0.03000000     0.19838071     0.20309073     0.20600686     0.30111143
    -0.03000000     0.00000001    -0.03000000     0.19838071     0.20309073     0.20600686     0.30111143
    -0.03000000     0.00000001    -0.03000000     0.19838071     0.20309073     0.20600686     0.30111143
    -0.03000000     0.00000001    -0.03000000     0.19838071     0.20309073     0.20600686     0.30111143
    -0.03000000     0.00000001    -0.03000000     0.19838071     0.20309073     0.20600686     0.30111143
    -0.03000000     0.00000001    -0.03000000     0.19838071     0.20309073     0.20600686     0.30111143
    -0.03000000     0.00000001    -0.03000000     0.19838071     0.20309073     0.20600686     0.30111143
    -0.03000000     0.00000001    -0.03000000     0.19838071     0.20309073     0.20600686     0.30111143
    -0.03000000     0.00000001    -0.03000000     0.19838071     0.20309073     0.20600686     0.30111143
    -0.03000000     0.00000001    -0.03000000     0.19838071     0.20309073     0.20600686     0.30111143
    -0.03000000     0.00000001    -0.03000000     0.19838071     0.20309073     0.20600686     0.30111143
     0.00000001    -0.03000000    -0.03000000     0.19838071     0.20309073     0.20600686     0.30111143
     0.00000001    -0.03000000    -0.03000000     0.19838071     0.20309073     0.20600686     0.30111143
     0.00000001    -0.03000000    -0.03000000     0.19838071     0.20309073     0.20600686     0.30111143
     0.00000001    -0.03000000    -0.03000000     0.19838071     0.20309073     0.20600686     0.30111143
     0.00000001    -0.03000000    -0.03000000     0.19838071     0.20309073     0.20600686     0.30111143
     0.00000001    -0.03000000    -0.03000000     0.19838071     0.20309073     0.20600686     0.30111143
     0.00000001    -0.03000000    -0.03000000     0.19838071     0.20309073     0.20600686     0.30111143
     0.00000001    -0.03000000    -0.03000000     0.19838071     0.20309073     0.20600686     0.30111143
     0.00000001    -0.03000000    -0.03000000     0.19838071     0.20309073     0.20600686     0.30111143
     0.00000001    -0.03000000    -0.03000000     0.19838071     0.20309073     0.20600686     0.30111143
     0.00000001    -0.03000000    -0.03000000     0.19838071     0.20309073     0.20600686     0.30111143
     0.00000001    -0.03000000    -0.03000000     0.19838071     0.20309073     0.20600686     0.30111143
    -0.03000000    -0.03000000    -0.03000000     0.19347589     0.20441966     0.20441966     0.30195578
    -0.03000000    -0.03000000    -0.03000000     0.19347589     0.20441966     0.20441966     0.30195578
    -0.03000000    -0.03000000    -0.03000000     0.19347589     0.20441966     0.20441966     0.30195578
    -0.03000000    -0.03000000    -0.03000000     0.19347589     0.20441966     0.20441966     0.30195578
    -0.03000000    -0.03000000    -0.03000000     0.19347589     0.20441966     0.20441966     0.30195578
    -0.03000000    -0.03000000    -0.03000000     0.19347589     0.20441966     0.20441966     0.30195578
    -0.03000000    -0.03000000    -0.03000000     0.19347589     0.20441966     0.20441966     0.30195578
    -0.03000000    -0.03000000    -0.03000000     0.19347589     0.20441966     0.20441966     0.30195578
    -0.03000000    -0.03000000    -0.03000000     0.19347589     0.20441966     0.20441966     0.30195578
    -0.03000000    -0.03000000    -0.03000000     0.19347589     0.20441966     0.20441966     0.30195578
    -0.03000000    -0.03000000    -0.03000000     0.19347589     0.20441966     0.20441966     0.30195578
    -0.03000000    -0.03000000    -0.03000000     0.19347589     0.20441966     0.20441966     0.30195578
     0.00000000     0.51677758     0.00000000    -0.03450993     0.10688798     0.10688831     0.22880574
    -0.02999998     0.51677760    -0.00000001    -0.03458758     0.10548680     0.10614046     0.23107438
    -0.02500000     0.51677758     0.00000000    -0.03456358     0.10590894     0.10636563     0.23038724
    -0.02500000     0.51677758     0.00000000    -0.03456358     0.10590894     0.10636563     0.23038724
    -0.02500000     0.51677758     0.00000000    -0.03456358     0.10590894     0.10636563     0.23038724
    -0.02500000     0.51677758     0.00000000    -0.03456358     0.10590894     0.10636563     0.23038724
    -0.02500000     0.51677758     0.00000000    -0.03456358     0.10590894     0.10636563     0.23038724
    -0.02500000     0.51677758     0.00000000    -0.03456358     0.10590894     0.10636563     0.23038724
    -0.02500000     0.51677758     0.00000000    -0.03456358     0.10590894     0.10636563     0.23038724
    -0.02500000     0.51677758     0.00000000    -0.03456358     0.10590894     0.10636563     0.23038724
    -0.02500000     0.51677758     0.00000000    -0.03456358     0.10590894     0.10636563     0.23038724
    -0.02500000     0.51677758     0.00000000    -0.03456358     0.10590894     0.10636563     0.23038724
    -0.02500000     0.51677758     0.00000000    -0.03456358     0.10590894     0.10636563     0.23038724
     0.00000000     0.48677761     0.00000000    -0.01937987     0.10933567     0.10933600     0.22906012
     0.00000000     0.49177759     0.00000000    -0.02192222     0.10888031     0.10888064     0.22895343
     0.00000000     0.49177759     0.00000000    -0.02192222     0.10888031     0.10888064     0.22895343
     0.00000000     0.49177759     0.00000000    -0.02192222     0.10888031     0.10888064     0.22895343
     0.00000000     0.49177759     0.00000000    -0.02192222     0.10888031     0.10888064     0.22895343
     0.00000000     0.49177759     0.00000000    -0.02192222     0.10888031     0.10888064     0.22895343
     0.00000000     0.49177759     0.00000000    -0.02192222     0.10888031     0.10888064     0.22895343
     0.00000000     0.49177759     0.00000000    -0.02192222     0.10888031     0.10888064     0.22895343
     0.00000000     0.49177759     0.00000000    -0.02192222     0.10888031     0.10888064     0.22895343
     0.00000000     0.49177759     0.00000000    -0.02192222     0.10888031     0.10888064     0.22895343
     0.00000000     0.49177759     0.00000000    -0.02192222     0.10888031     0.10888064     0.22895343
     0.00000000     0.49177759     0.00000000    -0.02192222     0.10888031     0.10888064     0.22895343
    -0.00000001     0.51677760    -0.02999998    -0.03458758     0.10548680     0.10614046     0.23107438
     0.00000000     0.51677758    -0.02500000    -0.03456358     0.10590894     0.10636563     0.23038724
     0.00000000     0.51677758    -0.02500000    -0.03456358     0.10590894     0.10636563     0.23038724
     0.00000000     0.51677758    -0.02500000    -0.03456358     0.10590894     0.10636563     0.23038724
     0.00000000     0.51677758    -0.02500000    -0.03456358     0.10590894     0.10636563     0.23038724
     0.00000000     0.51677758    -0.02500000    -0.03456358     0.10590894     0.10636563     0.23038724
     0.00000000     0.51677758    -0.02500000    -0.03456358     0.10590894     0.10636563     0.23038724
     0.00000000     0.51677758    -0.02500000    -0.03456358     0.10590894     0.10636563     0.23038724
     0.00000000     0.51677758    -0.02500000    -0.03456358     0.10590894     0.10636563     0.23038724
     0.00000000     0.51677758    -0.02500000    -0.03456358     0.10590894     0.10636563     0.23038724
     0.00000000     0.51677758    -0.02500000    -0.03456358     0.10590894     0.10636563     0.23038724
     0.00000000     0.51677758    -0.02500000    -0.03456358     0.10590894     0.10636563     0.23038724
    -0.02999998     0.48677762    -0.00000001    -0.01955512     0.10787062     0.10875246     0.23136555
    -0.02500000     0.49177759     0.00000000    -0.02203144     0.10786349     0.10845251     0.23055688
    -0.02500000     0.49177759     0.00000000    -0.02203144     0.10786349     0.10845251     0.23055688
    -0.02500000     0.49177759     0.00000000    -0.02203144     0.10786349     0.10845251     0.23055688
    -0.02500000     0.49177759     0.00000000    -0.02203144     0.10786349     0.10845251     0.23055688
    -0.02500000     0.49177759     0.00000000    -0.02203144     0.10786349     0.10845251     0.23055688
    -0.02500000     0.49177759     0.00000000    -0.02203144     0.10786349     0.10845251     0.23055688
    -0.02500000     0.49177759     0.00000000    -0.02203144     0.10786349     0.10845251     0.23055688
    -0.02500000     0.49177759     0.00000000    -0.02203144     0.10786349     0.10845251     0.23055688
    -0.02500000     0.49177759     0.00000000    -0.02203144     0.10786349     0.10845251     0.23055688
    -0.02500000     0.49177759     0.00000000    -0.02203144     0.10786349     0.10845251     0.23055688
    -0.02500000     0.49177759     0.00000000    -0.02203144     0.10786349     0.10845251     0.23055688
    -0.03000000     0.51677761    -0.03000000    -0.03467288     0.10222163     0.10749379     0.23265221
    -0.02500000     0.51677758    -0.02500000    -0.03462102     0.10358197     0.10730894     0.23162496
    -0.02500000     0.51677758    -0.02500000    -0.03462102     0.10358197     0.10730894     0.23162496
    -0.02500000     0.51677758    -0.02500000    -0.03462102     0.10358197     0.10730894     0.23162496
    -0.02500000     0.51677758    -0.02500000    -0.03462102     0.10358197     0.10730894     0.23162496
    -0.02500000     0.51677758    -0.02500000    -0.03462102     0.10358197     0.10730894     0.23162496
    -0.02500000     0.51677758    -0.02500000    -0.03462102     0.10358197     0.10730894     0.23162496
    -0.02500000     0.51677758    -0.02500000    -0.03462102     0.10358197     0.10730894     0.23162496
    -0.02500000     0.51677758    -0.02500000    -0.03462102     0.10358197     0.10730894     0.23162496
    -0.02500000     0.51677758    -0.02500000    -0.03462102     0.10358197     0.10730894     0.23162496
    -0.02500000     0.51677758    -0.02500000    -0.03462102     0.10358197     0.10730894     0.23162496
    -0.02500000     0.51677758    -0.02500000    -0.03462102     0.10358197     0.10730894     0.23162496
    -0.00000001     0.48677762    -0.02999998    -0.01955512     0.10787062     0.10875246     0.23136555
     0.00000000     0.49177759    -0.02500000    -0.02203144     0.10786349     0.10845251     0.23055688
     0.00000000     0.49177759    -0.02500000    -0.02203144     0.10786349     0.10845251     0.23055688
     0.00000000     0.49177759    -0.02500000    -0.02203144     0.10786349     0.10845251     0.23055688
     0.00000000     0.49177759    -0.02500000    -0.02203144     0.10786349     0.10845251     0.23055688
     0.00000000     0.49177759    -0.02500000    -0.02203144     0.10786349     0.10845251     0.23055688
     0.00000000     0.49177759    -0.02500000    -0.02203144     0.10786349     0.10845251     0.23055688
     0.00000000     0.49177759    -0.02500000    -0.02203144     0.10786349     0.10845251     0.23055688
     0.00000000     0.49177759    -0.02500000    -0.02203144     0.10786349     0.10845251     0.23055688
     0.00000000     0.49177759    -0.02500000    -0.02203144     0.10786349     0.10845251     0.23055688
     0.00000000     0.49177759    -0.02500000    -0.02203144     0.10786349     0.10845251     0.23055688
     0.00000000     0.49177759    -0.02500000    -0.02203144     0.10786349     0.10845251     0.23055688
    -0.03000000     0.48677764    -0.03000000    -0.01974361     0.10487460     0.10993318     0.23312889
    -0.02500000     0.49177759    -0.02500000    -0.02214658     0.10569083     0.10929664     0.23188184
    -0.02500000     0.49177759    -0.02500000    -0.02214658     0.10569083     0.10929664     0.23188184
    -0.02500000     0.49177759    -0.02500000    -0.02214658     0.10569083     0.10929664     0.23188184
    -0.02500000     0.49177759    -0.02500000    -0.02214658     0.10569083     0.10929664     0.23188184
    -0.02500000     0.49177759    -0.02500000    -0.02214658     0.10569083     0.10929664     0.23188184
    -0.02500000     0.49177759    -0.02500000    -0.02214658     0.10569083     0.10929664     0.23188184
    -0.02500000     0.49177759    -0.02500000    -0.02214658     0.10569083     0.10929664     0.23188184
    -0.02500000     0.49177759    -0.02500000    -0.02214658     0.10569083     0.10929664     0.23188184
    -0.02500000     0.49177759    -0.02500000    -0.02214658     0.10569083     0.10929664     0.23188184
    -0.02500000     0.49177759    -0.02500000    -0.02214658     0.10569083     0.10929664     0.23188184
    -0.02500000     0.49177759    -0.02500000    -0.02214658     0.10569083     0.10929664     0.23188184
