     0.00000   -11.88163
     0.03040   -11.87088
     0.06080   -11.83864
     0.09120   -11.78494
     0.12160   -11.70988
     0.15200   -11.61356
     0.18240   -11.49611
     0.21280   -11.35770
     0.24320   -11.19857
     0.27359   -11.01893
     0.30399   -10.81908
     0.33439   -10.59938
     0.36479   -10.36021
     0.39519   -10.10200
     0.42559    -9.82526
     0.45599    -9.53058
     0.48639    -9.21859
     0.51679    -8.88999
     0.54719    -8.54560
     0.57759    -8.18634
     0.60799    -7.81316
     0.62826    -7.81161
     0.64852    -7.80703
     0.66879    -7.79955
     0.68905    -7.78945
     0.70932    -7.77707
     0.72959    -7.76287
     0.74985    -7.74741
     0.77012    -7.73130
     0.79038    -7.71524
     0.81065    -7.69996
     0.83092    -7.68620
     0.85118    -7.67463
     0.87145    -7.66588
     0.89172    -7.66043
     0.91198    -7.65858
     0.93348    -7.81963
     0.95497    -7.98061
     0.97647    -8.13924
     0.99797    -8.29372
     1.01946    -8.44268
     1.04096    -8.58500
     1.06245    -8.71982
     1.08395    -8.84647
     1.10544    -8.96437
     1.12694    -9.07310
     1.14843    -9.17230
     1.16993    -9.26168
     1.19143    -9.34101
     1.21292    -9.41011
     1.23442    -9.46880
     1.25591    -9.51698
     1.27741    -9.55455
     1.29890    -9.58143
     1.32040    -9.59758
     1.34190    -9.60296
     1.36822    -9.63714
     1.39455    -9.73255
     1.42088    -9.87277
     1.44720   -10.04054
     1.47353   -10.22224
     1.49986   -10.40833
     1.52618   -10.59242
     1.55251   -10.77028
     1.57884   -10.93906
     1.60516   -11.09675
     1.63149   -11.24194
     1.65782   -11.37362
     1.68414   -11.49108
     1.71047   -11.59373
     1.73680   -11.68115
     1.76312   -11.75304
     1.78945   -11.80919
     1.81578   -11.84940
     1.84210   -11.87357
     1.86843   -11.88163
     1.90067   -11.86954
     1.93292   -11.83330
     1.96516   -11.77302
     1.99740   -11.68894
     2.02965   -11.58137
     2.06189   -11.45071
     2.09413   -11.29756
     2.12638   -11.12266
     2.15862   -10.92695
     2.19086   -10.71166
     2.22311   -10.47844
     2.25535   -10.22938
     2.28759    -9.96722
     2.31984    -9.69566
     2.35208    -9.41945
     2.38432    -9.14475
     2.41657    -8.87931
     2.44881    -8.63209
     2.48105    -8.41240
     2.51330    -8.22800
     2.54534    -8.29509
     2.57739    -8.34966
     2.60943    -8.39156
     2.64147    -8.42050
     2.67352    -8.43610
     2.70556    -8.43798
     2.73760    -8.42573
     2.76965    -8.39899
     2.80169    -8.35756
     2.83374    -8.30132
     2.86578    -8.23039
     2.89782    -8.14517
     2.92987    -8.04636
     2.96191    -7.93512
     2.99395    -7.81316

     0.00000    -0.06701
     0.03040    -0.14416
     0.06080    -0.35561
     0.09120    -0.66035
     0.12160    -1.02263
     0.15200    -1.41910
     0.18240    -1.83596
     0.21280    -2.26508
     0.24320    -2.70159
     0.27359    -3.14238
     0.30399    -3.58529
     0.33439    -4.02865
     0.36479    -4.47106
     0.39519    -4.91116
     0.42559    -5.34761
     0.45599    -5.77903
     0.48639    -6.20405
     0.51679    -6.62132
     0.54719    -7.02945
     0.57759    -7.42714
     0.60799    -7.81316
     0.62826    -7.81161
     0.64852    -7.80702
     0.66879    -7.79955
     0.68905    -7.78944
     0.70932    -7.77707
     0.72959    -7.76287
     0.74985    -7.74741
     0.77012    -7.73130
     0.79038    -7.71524
     0.81065    -7.69996
     0.83092    -7.68619
     0.85118    -7.67463
     0.87145    -7.66588
     0.89172    -7.66043
     0.91198    -7.65857
     0.93348    -7.50031
     0.95497    -7.34838
     0.97647    -7.20697
     0.99797    -7.08060
     1.01946    -6.97366
     1.04096    -6.88940
     1.06245    -6.82918
     1.08395    -6.79205
     1.10544    -6.77507
     1.12694    -6.77416
     1.14843    -6.78494
     1.16993    -6.80335
     1.19143    -6.82596
     1.21292    -6.85000
     1.23442    -6.87331
     1.25591    -6.89428
     1.27741    -6.91170
     1.29890    -6.92471
     1.32040    -6.93274
     1.34190    -6.93545
     1.36822    -6.88606
     1.39455    -6.74502
     1.42088    -6.52886
     1.44720    -6.25503
     1.47353    -5.93745
     1.49986    -5.58599
     1.52618    -5.20749
     1.55251    -4.80683
     1.57884    -4.38772
     1.60516    -3.95313
     1.63149    -3.50587
     1.65782    -3.04881
     1.68414    -2.58529
     1.71047    -2.11955
     1.73680    -1.65767
     1.76312    -1.20902
     1.78945    -0.78926
     1.81578    -0.42575
     1.84210    -0.16482
     1.86843    -0.06701
     1.90067    -0.19646
     1.93292    -0.52598
     1.96516    -0.95997
     1.99740    -1.43801
     2.02965    -1.92975
     2.06189    -2.41982
     2.09413    -2.89992
     2.12638    -3.36520
     2.15862    -3.81263
     2.19086    -4.24019
     2.22311    -4.64646
     2.25535    -5.03038
     2.28759    -5.39119
     2.31984    -5.72829
     2.35208    -6.04119
     2.38432    -6.32951
     2.41657    -6.59288
     2.44881    -6.83103
     2.48105    -7.04374
     2.51330    -7.23080
     2.54534    -7.15523
     2.57739    -7.08425
     2.60943    -7.02052
     2.64147    -6.96826
     2.67352    -6.93302
     2.70556    -6.92075
     2.73760    -6.93656
     2.76965    -6.98304
     2.80169    -7.05913
     2.83374    -7.16038
     2.86578    -7.28021
     2.89782    -7.41145
     2.92987    -7.54750
     2.96191    -7.68287
     2.99395    -7.81316

     0.00000    -0.06700
     0.03040    -0.11251
     0.06080    -0.23761
     0.09120    -0.41747
     0.12160    -0.62842
     0.15200    -0.85344
     0.18240    -1.08152
     0.21280    -1.30563
     0.24320    -1.52122
     0.27359    -1.72520
     0.30399    -1.91546
     0.33439    -2.09047
     0.36479    -2.24913
     0.39519    -2.39058
     0.42559    -2.51420
     0.45599    -2.61949
     0.48639    -2.70609
     0.51679    -2.77371
     0.54719    -2.82215
     0.57759    -2.85126
     0.60799    -2.86097
     0.62826    -2.87526
     0.64852    -2.91664
     0.66879    -2.98107
     0.68905    -3.06302
     0.70932    -3.15654
     0.72959    -3.25606
     0.74985    -3.35665
     0.77012    -3.45416
     0.79038    -3.54514
     0.81065    -3.62674
     0.83092    -3.69664
     0.85118    -3.75296
     0.87145    -3.79423
     0.89172    -3.81942
     0.91198    -3.82789
     0.93348    -3.93731
     0.95497    -4.02371
     0.97647    -4.08254
     0.99797    -4.10898
     1.01946    -4.09858
     1.04096    -4.04802
     1.06245    -3.95607
     1.08395    -3.82395
     1.10544    -3.65507
     1.12694    -3.45424
     1.14843    -3.22686
     1.16993    -2.97851
     1.19143    -2.71480
     1.21292    -2.44175
     1.23442    -2.16643
     1.25591    -1.89808
     1.27741    -1.64988
     1.29890    -1.44099
     1.32040    -1.29729
     1.34190    -1.24534
     1.36822    -1.24090
     1.39455    -1.22759
     1.42088    -1.20542
     1.44720    -1.17444
     1.47353    -1.13471
     1.49986    -1.08635
     1.52618    -1.02955
     1.55251    -0.96458
     1.57884    -0.89186
     1.60516    -0.81198
     1.63149    -0.72579
     1.65782    -0.63449
     1.68414    -0.53970
     1.71047    -0.44365
     1.73680    -0.34936
     1.76312    -0.26075
     1.78945    -0.18272
     1.81578    -0.12090
     1.84210    -0.08088
     1.86843    -0.06700
     1.90067    -0.11873
     1.93292    -0.26619
     1.96516    -0.49064
     1.99740    -0.77061
     2.02965    -1.08708
     2.06189    -1.42485
     2.09413    -1.77217
     2.12638    -2.12002
     2.15862    -2.46130
     2.19086    -2.79023
     2.22311    -3.10182
     2.25535    -3.39153
     2.28759    -3.65484
     2.31984    -3.88697
     2.35208    -4.08252
     2.38432    -4.23515
     2.41657    -4.33752
     2.44881    -4.38158
     2.48105    -4.35979
     2.51330    -4.26727
     2.54534    -4.30915
     2.57739    -4.32067
     2.60943    -4.30206
     2.64147    -4.25400
     2.67352    -4.17766
     2.70556    -4.07476
     2.73760    -3.94767
     2.76965    -3.79968
     2.80169    -3.63529
     2.83374    -3.46082
     2.86578    -3.28517
     2.89782    -3.12080
     2.92987    -2.98392
     2.96191    -2.89266
     2.99395    -2.86097

     0.00000    -0.06700
     0.03040    -0.11250
     0.06080    -0.23760
     0.09120    -0.41746
     0.12160    -0.62841
     0.15200    -0.85343
     0.18240    -1.08151
     0.21280    -1.30562
     0.24320    -1.52121
     0.27359    -1.72519
     0.30399    -1.91545
     0.33439    -2.09047
     0.36479    -2.24912
     0.39519    -2.39057
     0.42559    -2.51419
     0.45599    -2.61948
     0.48639    -2.70608
     0.51679    -2.77370
     0.54719    -2.82214
     0.57759    -2.85125
     0.60799    -2.86096
     0.62826    -2.87525
     0.64852    -2.91663
     0.66879    -2.98106
     0.68905    -3.06301
     0.70932    -3.15654
     0.72959    -3.25605
     0.74985    -3.35665
     0.77012    -3.45415
     0.79038    -3.54513
     0.81065    -3.62674
     0.83092    -3.69663
     0.85118    -3.75295
     0.87145    -3.79423
     0.89172    -3.81942
     0.91198    -3.82788
     0.93348    -3.69949
     0.95497    -3.55565
     0.97647    -3.39945
     0.99797    -3.23365
     1.01946    -3.06082
     1.04096    -2.88340
     1.06245    -2.70384
     1.08395    -2.52462
     1.10544    -2.34827
     1.12694    -2.17741
     1.14843    -2.01467
     1.16993    -1.86260
     1.19143    -1.72361
     1.21292    -1.59984
     1.23442    -1.49302
     1.25591    -1.40446
     1.27741    -1.33504
     1.29890    -1.28525
     1.32040    -1.25533
     1.34190    -1.24534
     1.36822    -1.24090
     1.39455    -1.22759
     1.42088    -1.20542
     1.44720    -1.17444
     1.47353    -1.13471
     1.49986    -1.08635
     1.52618    -1.02955
     1.55251    -0.96458
     1.57884    -0.89186
     1.60516    -0.81198
     1.63149    -0.72579
     1.65782    -0.63449
     1.68414    -0.53970
     1.71047    -0.44365
     1.73680    -0.34936
     1.76312    -0.26075
     1.78945    -0.18272
     1.81578    -0.12090
     1.84210    -0.08088
     1.86843    -0.06700
     1.90067    -0.07238
     1.93292    -0.08891
     1.96516    -0.11769
     1.99740    -0.16040
     2.02965    -0.21898
     2.06189    -0.29529
     2.09413    -0.39069
     2.12638    -0.50561
     2.15862    -0.63931
     2.19086    -0.78979
     2.22311    -0.95401
     2.25535    -1.12826
     2.28759    -1.30846
     2.31984    -1.49061
     2.35208    -1.67094
     2.38432    -1.84608
     2.41657    -2.01307
     2.44881    -2.16946
     2.48105    -2.31316
     2.51330    -2.44248
     2.54534    -2.44852
     2.57739    -2.55493
     2.60943    -2.71967
     2.64147    -2.90258
     2.67352    -3.07361
     2.70556    -3.21195
     2.73760    -3.30421
     2.76965    -3.34394
     2.80169    -3.33147
     2.83374    -3.27352
     2.86578    -3.18213
     2.89782    -3.07378
     2.92987    -2.96889
     2.96191    -2.89067
     2.99395    -2.86096

     0.00000     2.49003
     0.03040     2.46339
     0.06080     2.38659
     0.09120     2.26795
     0.12160     2.11835
     0.15200     1.94883
     0.18240     1.76913
     0.21280     1.58727
     0.24320     1.40951
     0.27359     1.24075
     0.30399     1.08481
     0.33439     0.94467
     0.36479     0.82269
     0.39519     0.72083
     0.42559     0.64071
     0.45599     0.58371
     0.48639     0.55107
     0.51679     0.54388
     0.54719     0.56316
     0.57759     0.60986
     0.60799     0.68485
     0.62826     0.71125
     0.64852     0.78901
     0.66879     0.91418
     0.68905     1.08141
     0.70932     1.28494
     0.72959     1.51946
     0.74985     1.78031
     0.77012     2.06360
     0.79038     2.36607
     0.81065     2.68481
     0.83092     3.01692
     0.85118     3.35871
     0.87145     3.70297
     0.89172     4.02598
     0.91198     4.20345
     0.93348     4.06169
     0.95497     3.90471
     0.97647     3.75172
     0.99797     3.60913
     1.01946     3.47984
     1.04096     3.36555
     1.06245     3.26750
     1.08395     3.18668
     1.10544     3.10083
     1.12694     2.95720
     1.14843     2.81448
     1.16993     2.66908
     1.19143     2.51610
     1.21292     2.34991
     1.23442     2.16634
     1.25591     1.96702
     1.27741     1.76379
     1.29890     1.58018
     1.32040     1.44837
     1.34190     1.39980
     1.36822     1.40499
     1.39455     1.42049
     1.42088     1.44624
     1.44720     1.48213
     1.47353     1.52798
     1.49986     1.58353
     1.52618     1.64838
     1.55251     1.72205
     1.57884     1.80376
     1.60516     1.89257
     1.63149     1.98716
     1.65782     2.08570
     1.68414     2.18579
     1.71047     2.28415
     1.73680     2.37632
     1.76312     2.45592
     1.78945     2.51343
     1.81578     2.53471
     1.84210     2.51036
     1.86843     2.49003
     1.90067     2.50250
     1.93292     2.53986
     1.96516     2.60211
     1.99740     2.68920
     2.02965     2.80108
     2.06189     2.87602
     2.09413     2.91214
     2.12638     2.92637
     2.15862     2.90789
     2.19086     2.84821
     2.22311     2.74497
     2.25535     2.60313
     2.28759     2.43248
     2.31984     2.24409
     2.35208     2.04788
     2.38432     1.85175
     2.41657     1.66174
     2.44881     1.48230
     2.48105     1.31674
     2.51330     1.16750
     2.54534     1.32476
     2.57739     1.65200
     2.60943     2.10801
     2.64147     2.65341
     2.67352     3.25324
     2.70556     3.79838
     2.73760     3.29376
     2.76965     2.77598
     2.80169     2.28960
     2.83374     1.84310
     2.86578     1.44700
     2.89782     1.11507
     2.92987     0.86495
     2.96191     0.71628
     2.99395     0.68485

     0.00000     2.49004
     0.03040     2.54880
     0.06080     2.71361
     0.09120     2.95946
     0.12160     3.26236
     0.15200     3.60492
     0.18240     3.97565
     0.21280     4.07529
     0.24320     3.78632
     0.27359     3.43545
     0.30399     3.06913
     0.33439     2.71000
     0.36479     2.36954
     0.39519     2.05392
     0.42559     1.76653
     0.45599     1.50918
     0.48639     1.28271
     0.51679     1.08735
     0.54719     0.92291
     0.57759     0.78896
     0.60799     0.68485
     0.62826     0.71126
     0.64852     0.78901
     0.66879     0.91419
     0.68905     1.08141
     0.70932     1.28494
     0.72959     1.51946
     0.74985     1.78032
     0.77012     2.06360
     0.79038     2.36607
     0.81065     2.68482
     0.83092     3.01692
     0.85118     3.35871
     0.87145     3.70297
     0.89172     4.02598
     0.91198     4.20346
     0.93348     4.26908
     0.95497     4.19657
     0.97647     4.05017
     0.99797     3.88549
     1.01946     3.71933
     1.04096     3.55682
     1.06245     3.39958
     1.08395     3.24780
     1.10544     3.12390
     1.12694     3.07972
     1.14843     3.05434
     1.16993     3.04739
     1.19143     3.05772
     1.21292     3.08313
     1.23442     3.12016
     1.25591     3.16397
     1.27741     3.20852
     1.29890     3.24710
     1.32040     3.27338
     1.34190     3.28270
     1.36822     3.28762
     1.39455     3.30201
     1.42088     3.32474
     1.44720     3.35383
     1.47353     3.38634
     1.49986     3.41823
     1.52618     3.44429
     1.55251     3.45823
     1.57884     3.45327
     1.60516     3.42334
     1.63149     3.36474
     1.65782     3.27764
     1.68414     3.16652
     1.71047     3.03921
     1.73680     2.90550
     1.76312     2.77580
     1.78945     2.66043
     1.81578     2.56914
     1.84210     2.51036
     1.86843     2.49004
     1.90067     2.51425
     1.93292     2.58265
     1.96516     2.68607
     1.99740     2.77327
     2.02965     2.82764
     2.06189     2.93768
     2.09413     3.09892
     2.12638     3.28467
     2.15862     3.49481
     2.19086     3.72916
     2.22311     3.98750
     2.25535     4.26957
     2.28759     4.57504
     2.31984     4.90350
     2.35208     5.25444
     2.38432     5.62719
     2.41657     6.02090
     2.44881     5.55316
     2.48105     4.80061
     2.51330     4.04542
     2.54534     4.38491
     2.57739     4.73263
     2.60943     5.02867
     2.64147     4.89550
     2.67352     4.38528
     2.70556     3.83456
     2.73760     3.57236
     2.76965     3.05164
     2.80169     2.54183
     2.83374     2.06732
     2.86578     1.63950
     2.89782     1.27057
     2.92987     0.97606
     2.96191     0.77476
     2.99395     0.68485

     0.00000     2.49004
     0.03040     2.54881
     0.06080     2.71362
     0.09120     2.95947
     0.12160     3.26237
     0.15200     3.60492
     0.18240     3.97566
     0.21280     4.36708
     0.24320     4.77420
     0.27359     5.19357
     0.30399     5.62278
     0.33439     6.06011
     0.36479     6.50435
     0.39519     6.95467
     0.42559     7.41032
     0.45599     7.87046
     0.48639     8.33361
     0.51679     8.79641
     0.54719     9.24955
     0.57759     9.65889
     0.60799     9.86968
     0.62826     9.82741
     0.64852     9.68891
     0.66879     9.44300
     0.68905     9.11128
     0.70932     8.72877
     0.72959     8.31990
     0.74985     7.89835
     0.77012     7.47182
     0.79038     7.04497
     0.81065     6.62116
     0.83092     6.20333
     0.85118     5.79506
     0.87145     5.40342
     0.89172     5.05202
     0.91198     4.86509
     0.93348     4.79488
     0.95497     4.88476
     0.97647     5.07022
     0.99797     5.29526
     1.01946     5.54262
     1.04096     5.80654
     1.06245     6.08432
     1.08395     6.37177
     1.10544     6.24734
     1.12694     5.78038
     1.14843     5.33094
     1.16993     4.90762
     1.19143     4.51876
     1.21292     4.17406
     1.23442     3.88321
     1.25591     3.65266
     1.27741     3.48285
     1.29890     3.36879
     1.32040     3.30377
     1.34190     3.28270
     1.36822     3.28762
     1.39455     3.30201
     1.42088     3.32474
     1.44720     3.35383
     1.47353     3.38634
     1.49986     3.41823
     1.52618     3.44429
     1.55251     3.45823
     1.57884     3.45327
     1.60516     3.42334
     1.63149     3.36474
     1.65782     3.27764
     1.68414     3.16652
     1.71047     3.03921
     1.73680     2.90550
     1.76312     2.77580
     1.78945     2.66043
     1.81578     2.56914
     1.84210     2.51268
     1.86843     2.49004
     1.90067     2.54679
     1.93292     2.64123
     1.96516     2.71380
     1.99740     2.81611
     2.02965     2.96778
     2.06189     3.13909
     2.09413     3.32972
     2.12638     3.54013
     2.15862     3.77099
     2.19086     4.02286
     2.22311     4.29613
     2.25535     4.59090
     2.28759     4.90675
     2.31984     5.24224
     2.35208     5.59278
     2.38432     5.93818
     2.41657     6.09732
     2.44881     6.43444
     2.48105     6.86624
     2.51330     7.31407
     2.54534     6.88569
     2.57739     6.31948
     2.60943     5.81041
     2.64147     5.49999
     2.67352     4.88315
     2.70556     4.39403
     2.73760     4.74097
     2.76965     5.44274
     2.80169     6.19093
     2.83374     6.95935
     2.86578     7.73415
     2.89782     8.49505
     2.92987     9.19557
     2.96191     9.70939
     2.99395     9.86968

     0.00000     3.06691
     0.03040     3.14248
     0.06080     3.34616
     0.09120     3.62628
     0.12160     3.92159
     0.15200     4.15340
     0.18240     4.22007
     0.21280     4.36709
     0.24320     4.77421
     0.27359     5.19358
     0.30399     5.62279
     0.33439     6.06012
     0.36479     6.50436
     0.39519     6.95468
     0.42559     7.41033
     0.45599     7.87047
     0.48639     8.33362
     0.51679     8.79642
     0.54719     9.24956
     0.57759     9.65890
     0.60799     9.86969
     0.62826     9.82742
     0.64852     9.68892
     0.66879     9.44301
     0.68905     9.11129
     0.70932     8.72878
     0.72959     8.31991
     0.74985     7.89836
     0.77012     7.47183
     0.79038     7.04498
     0.81065     6.62116
     0.83092     6.20334
     0.85118     5.79507
     0.87145     5.40342
     0.89172     5.05202
     0.91198     4.86509
     0.93348     5.03366
     0.95497     5.23982
     0.97647     5.46452
     0.99797     5.70137
     1.01946     5.94744
     1.04096     6.20073
     1.06245     6.45940
     1.08395     6.72127
     1.10544     6.68715
     1.12694     6.99963
     1.14843     7.32609
     1.16993     7.66390
     1.19143     7.88192
     1.21292     7.98204
     1.23442     7.98989
     1.25591     7.92274
     1.27741     7.82215
     1.29890     7.72601
     1.32040     7.65925
     1.34190     7.63554
     1.36822     7.64312
     1.39455     7.66508
     1.42088     7.69883
     1.44720     7.73848
     1.47353     7.77106
     1.49986     7.76712
     1.52618     7.67011
     1.55251     7.43361
     1.57884     7.08722
     1.60516     6.68433
     1.63149     6.25468
     1.65782     5.81159
     1.68414     5.36197
     1.71047     4.91117
     1.73680     4.46587
     1.76312     4.03706
     1.78945     3.64477
     1.81578     3.32541
     1.84210     3.12789
     1.86843     3.06691
     1.90067     3.15810
     1.93292     3.44552
     1.96516     3.88252
     1.99740     4.37682
     2.02965     4.84602
     2.06189     5.20902
     2.09413     5.41487
     2.12638     5.49323
     2.15862     5.51815
     2.19086     5.54913
     2.22311     5.61850
     2.25535     5.73813
     2.28759     5.90792
     2.31984     6.12251
     2.35208     6.37529
     2.38432     6.66010
     2.41657     6.81940
     2.44881     6.97899
     2.48105     7.38886
     2.51330     7.84949
     2.54534     7.48616
     2.57739     6.81606
     2.60943     6.14896
     2.64147     5.75570
     2.67352     6.10967
     2.70556     6.53926
     2.73760     6.99631
     2.76965     7.46906
     2.80169     7.94930
     2.83374     8.42575
     2.86578     8.87842
     2.89782     9.27291
     2.92987     9.57487
     2.96191     9.78001
     2.99395     9.86969

     0.00000     7.64235
     0.03040     7.55475
     0.06080     7.31976
     0.09120     7.00034
     0.12160     6.66998
     0.15200     6.41750
     0.18240     6.35196
     0.21280     6.52480
     0.24320     6.87200
     0.27359     7.31300
     0.30399     7.80185
     0.33439     8.31536
     0.36479     8.84070
     0.39519     9.36967
     0.42559     9.89634
     0.45599    10.31613
     0.48639    10.68246
     0.51679    11.07180
     0.54719    11.47346
     0.57759    11.05469
     0.60799    10.84020
     0.62826    10.77436
     0.64852    10.64027
     0.66879    10.52719
     0.68905    10.45872
     0.70932    10.42131
     0.72959    10.40114
     0.74985    10.39041
     0.77012    10.38502
     0.79038    10.38271
     0.81065    10.38218
     0.83092    10.38259
     0.85118    10.38338
     0.87145    10.38418
     0.89172    10.38475
     0.91198    10.38496
     0.93348    10.05255
     0.95497     9.65380
     0.97647     9.20704
     0.99797     8.72990
     1.01946     8.23603
     1.04096     7.73532
     1.06245     7.23514
     1.08395     6.74390
     1.10544     6.98330
     1.12694     7.24089
     1.14843     7.48648
     1.16993     7.70724
     1.19143     8.01236
     1.21292     8.37084
     1.23442     8.73857
     1.25591     9.11429
     1.27741     9.49553
     1.29890     9.87595
     1.32040    10.23161
     1.34190    10.42829
     1.36822    10.16910
     1.39455     9.73591
     1.42088     9.29404
     1.44720     8.86978
     1.47353     8.47246
     1.49986     8.10864
     1.52618     7.78472
     1.55251     7.50755
     1.57884     7.28411
     1.60516     7.12045
     1.63149     7.01996
     1.65782     6.98189
     1.68414     7.00084
     1.71047     7.06744
     1.73680     7.16947
     1.76312     7.29262
     1.78945     7.42042
     1.81578     7.53405
     1.84210     7.61359
     1.86843     7.64235
     1.90067     7.57213
     1.93292     7.38726
     1.96516     7.14014
     1.99740     6.87637
     2.02965     6.62648
     2.06189     6.40951
     2.09413     6.23720
     2.12638     6.11647
     2.15862     6.05076
     2.19086     6.04087
     2.22311     6.08562
     2.25535     6.18250
     2.28759     6.32823
     2.31984     6.51917
     2.35208     6.75161
     2.38432     7.02194
     2.41657     6.97150
     2.44881     7.30456
     2.48105     7.65449
     2.51330     8.01621
     2.54534     7.86804
     2.57739     8.04225
     2.60943     8.23827
     2.64147     8.43728
     2.67352     8.63381
     2.70556     8.82583
     2.73760     9.01328
     2.76965     9.19786
     2.80169     9.38348
     2.83374     9.57782
     2.86578     9.79566
     2.89782    10.06095
     2.92987    10.38333
     2.96191    10.69848
     2.99395    10.84020

     0.00000     7.64235
     0.03040     7.65429
     0.06080     7.69010
     0.09120     7.74976
     0.12160     7.83327
     0.15200     7.94062
     0.18240     8.07176
     0.21280     8.22669
     0.24320     8.40535
     0.27359     8.60772
     0.30399     8.83373
     0.33439     9.08333
     0.36479     9.35645
     0.39519     9.65302
     0.42559     9.97295
     0.45599    10.41589
     0.48639    10.92400
     0.51679    11.41631
     0.54719    11.47346
     0.57759    11.05470
     0.60799    10.84020
     0.62826    10.77436
     0.64852    10.64027
     0.66879    10.52720
     0.68905    10.45873
     0.70932    10.42132
     0.72959    10.40115
     0.74985    10.39042
     0.77012    10.38502
     0.79038    10.38272
     0.81065    10.38219
     0.83092    10.38260
     0.85118    10.38339
     0.87145    10.38419
     0.89172    10.38476
     0.91198    10.38497
     0.93348    10.63941
     0.95497    10.81656
     0.97647    10.92668
     0.99797    10.98217
     1.01946    10.99252
     1.04096    10.96294
     1.06245    10.89449
     1.08395    10.78525
     1.10544    10.63320
     1.12694    10.44155
     1.14843    10.22437
     1.16993    10.00823
     1.19143     9.83026
     1.21292     9.73284
     1.23442     9.74417
     1.25591     9.85386
     1.27741    10.02279
     1.29890    10.20792
     1.32040    10.36326
     1.34190    10.42829
     1.36822    10.16910
     1.39455     9.73591
     1.42088     9.29404
     1.44720     8.86978
     1.47353     8.47246
     1.49986     8.10864
     1.52618     7.78472
     1.55251     7.50755
     1.57884     7.28411
     1.60516     7.12045
     1.63149     7.01996
     1.65782     6.98189
     1.68414     7.00084
     1.71047     7.06744
     1.73680     7.16947
     1.76312     7.29262
     1.78945     7.42042
     1.81578     7.53405
     1.84210     7.61359
     1.86843     7.64235
     1.90067     7.62732
     1.93292     7.58579
     1.96516     7.53046
     1.99740     7.48890
     2.02965     7.51261
     2.06189     7.67792
     2.09413     8.04389
     2.12638     8.59486
     2.15862     9.27187
     2.19086    10.02653
     2.22311    10.50837
     2.25535    10.23105
     2.28759     9.68105
     2.31984     8.96522
     2.35208     8.18056
     2.38432     7.39670
     2.41657     7.32671
     2.44881     7.66254
     2.48105     8.02603
     2.51330     8.41360
     2.54534     8.60972
     2.57739     8.96065
     2.60943     9.32506
     2.64147     9.68703
     2.67352    10.03536
     2.70556    10.35783
     2.73760    10.64057
     2.76965    10.86678
     2.80169    11.01372
     2.83374    11.05641
     2.86578    10.99911
     2.89782    10.88943
     2.92987    10.78731
     2.96191    10.77366
     2.99395    10.84020

     0.00000     7.81090
     0.03040     7.85893
     0.06080     7.99976
     0.09120     8.22476
     0.12160     8.52252
     0.15200     8.88115
     0.18240     9.28964
     0.21280     9.73818
     0.24320    10.21787
     0.27359    10.71992
     0.30399    11.23477
     0.33439    11.75063
     0.36479    12.25162
     0.39519    12.71519
     0.42559    13.10973
     0.45599    12.81756
     0.48639    12.39543
     0.51679    11.93589
     0.54719    11.48400
     0.57759    11.91889
     0.60799    12.37627
     0.62826    12.42375
     0.64852    12.49043
     0.66879    12.53013
     0.68905    12.55855
     0.70932    12.58490
     0.72959    12.61197
     0.74985    12.64027
     0.77012    12.66940
     0.79038    12.69852
     0.81065    12.72647
     0.83092    12.75196
     0.85118    12.77365
     0.87145    12.79023
     0.89172    12.80066
     0.91198    12.80422
     0.93348    12.53082
     0.95497    12.31823
     0.97647    12.15177
     0.99797    12.01699
     1.01946    11.90318
     1.04096    11.80346
     1.06245    11.71378
     1.08395    11.63184
     1.10544    11.55647
     1.12694    11.48713
     1.14843    11.42368
     1.16993    11.36616
     1.19143    11.31474
     1.21292    11.26963
     1.23442    11.23103
     1.25591    11.19913
     1.27741    11.17409
     1.29890    11.15598
     1.32040    11.14421
     1.34190    11.11467
     1.36822    10.97673
     1.39455    10.65402
     1.42088    10.25931
     1.44720     9.84617
     1.47353     9.44552
     1.49986     9.09361
     1.52618     8.84876
     1.55251     8.75608
     1.57884     8.78163
     1.60516     8.86325
     1.63149     8.95431
     1.65782     9.00934
     1.68414     8.97339
     1.71047     8.81857
     1.73680     8.58666
     1.76312     8.34057
     1.78945     8.12170
     1.81578     7.95286
     1.84210     7.84695
     1.86843     7.81090
     1.90067     7.86486
     1.93292     8.02204
     1.96516     8.26932
     1.99740     8.58711
     2.02965     8.95141
     2.06189     9.33558
     2.09413     9.71215
     2.12638    10.05449
     2.15862    10.33477
     2.19086    10.51160
     2.22311    10.82725
     2.25535    11.63638
     2.28759    12.28249
     2.31984    12.68558
     2.35208    13.06292
     2.38432    13.45394
     2.41657    13.85913
     2.44881    14.25965
     2.48105    14.54100
     2.51330    14.43505
     2.54534    14.23551
     2.57739    13.93861
     2.60943    13.63355
     2.64147    13.32969
     2.67352    13.03406
     2.70556    12.75352
     2.73760    12.49616
     2.76965    12.27481
     2.80169    12.11213
     2.83374    12.03775
     2.86578    12.05620
     2.89782    12.13283
     2.92987    12.22972
     2.96191    12.30590
     2.99395    12.37627

     0.00000    11.11561
     0.03040    11.13443
     0.06080    11.19078
     0.09120    11.28450
     0.12160    11.41519
     0.15200    11.58211
     0.18240    11.78391
     0.21280    12.01817
     0.24320    12.28057
     0.27359    12.56319
     0.30399    12.85096
     0.33439    13.11451
     0.36479    13.29883
     0.39519    13.32567
     0.42559    13.15137
     0.45599    12.81757
     0.48639    12.39543
     0.51679    11.93590
     0.54719    11.88765
     0.57759    12.33100
     0.60799    12.37627
     0.62826    12.42375
     0.64852    12.49043
     0.66879    12.53013
     0.68905    12.55855
     0.70932    12.58490
     0.72959    12.61197
     0.74985    12.64027
     0.77012    12.66940
     0.79038    12.69852
     0.81065    12.72647
     0.83092    12.75197
     0.85118    12.77365
     0.87145    12.79024
     0.89172    12.80066
     0.91198    12.80422
     0.93348    13.14500
     0.95497    13.54277
     0.97647    13.95628
     0.99797    14.20014
     1.01946    13.97191
     1.04096    13.57560
     1.06245    13.17196
     1.08395    12.79883
     1.10544    12.47460
     1.12694    12.20843
     1.14843    11.99927
     1.16993    11.83766
     1.19143    11.71107
     1.21292    11.60806
     1.23442    11.51936
     1.25591    11.43720
     1.27741    11.35500
     1.29890    11.26945
     1.32040    11.19001
     1.34190    11.15311
     1.36822    11.43104
     1.39455    11.92014
     1.42088    12.45409
     1.44720    13.00405
     1.47353    13.55427
     1.49986    13.61342
     1.52618    13.21043
     1.55251    12.70280
     1.57884    12.16668
     1.60516    11.64528
     1.63149    11.17272
     1.65782    10.79100
     1.68414    10.55495
     1.71047    10.49280
     1.73680    10.56201
     1.76312    10.69666
     1.78945    10.84906
     1.81578    10.98605
     1.84210    11.08136
     1.86843    11.11561
     1.90067    11.09523
     1.93292    11.04485
     1.96516    10.98919
     1.99740    10.95274
     2.02965    10.95190
     2.06189    10.99437
     2.09413    11.08183
     2.12638    11.21298
     2.15862    11.38564
     2.19086    11.59827
     2.22311    11.85252
     2.25535    12.16807
     2.28759    12.70385
     2.31984    13.41062
     2.35208    13.69245
     2.38432    14.03798
     2.41657    14.42576
     2.44881    14.84269
     2.48105    15.06920
     2.51330    14.69904
     2.54534    14.95119
     2.57739    14.86007
     2.60943    14.74658
     2.64147    14.52954
     2.67352    14.32332
     2.70556    14.12454
     2.73760    13.93042
     2.76965    13.73946
     2.80169    13.55133
     2.83374    13.36643
     2.86578    13.18530
     2.89782    13.00760
     2.92987    12.82818
     2.96191    12.61645
     2.99395    12.37627

     0.00000    11.11562
     0.03040    11.13443
     0.06080    11.19079
     0.09120    11.28451
     0.12160    11.41520
     0.15200    11.58212
     0.18240    11.78391
     0.21280    12.01818
     0.24320    12.28058
     0.27359    12.56319
     0.30399    12.85096
     0.33439    13.11451
     0.36479    13.29884
     0.39519    13.32567
     0.42559    13.15137
     0.45599    13.39586
     0.48639    13.53716
     0.51679    13.51929
     0.54719    13.35752
     0.57759    12.85590
     0.60799    12.73587
     0.62826    12.80116
     0.64852    13.02094
     0.66879    13.36290
     0.68905    13.76542
     0.70932    14.19660
     0.72959    14.64105
     0.74985    15.08873
     0.77012    15.52857
     0.79038    15.93694
     0.81065    16.24103
     0.83092    16.34057
     0.85118    16.31940
     0.87145    16.27756
     0.89172    16.24646
     0.91198    16.23537
     0.93348    15.91549
     0.95497    15.54350
     0.97647    15.16495
     0.99797    14.96962
     1.01946    15.25918
     1.04096    15.70894
     1.06245    15.99212
     1.08395    15.83422
     1.10544    15.54094
     1.12694    15.22068
     1.14843    14.87063
     1.16993    14.40613
     1.19143    13.94198
     1.21292    13.48051
     1.23442    13.02379
     1.25591    12.57408
     1.27741    12.13463
     1.29890    11.71238
     1.32040    11.33235
     1.34190    11.15311
     1.36822    11.43104
     1.39455    11.92014
     1.42088    12.45409
     1.44720    13.00405
     1.47353    13.55427
     1.49986    14.08159
     1.52618    14.53503
     1.55251    14.80148
     1.57884    14.75368
     1.60516    14.44742
     1.63149    14.02608
     1.65782    13.56935
     1.68414    13.11197
     1.71047    12.67166
     1.73680    12.26072
     1.76312    11.89066
     1.78945    11.57463
     1.81578    11.32861
     1.84210    11.17046
     1.86843    11.11562
     1.90067    11.13686
     1.93292    11.20143
     1.96516    11.31210
     1.99740    11.47375
     2.02965    11.69350
     2.06189    11.98006
     2.09413    12.34076
     2.12638    12.77498
     2.15862    13.25746
     2.19086    13.63739
     2.22311    13.48658
     2.25535    13.24369
     2.28759    13.23529
     2.31984    13.52773
     2.35208    14.40154
     2.38432    15.20346
     2.41657    15.52027
     2.44881    15.34741
     2.48105    15.21266
     2.51330    15.22764
     2.54534    15.20196
     2.57739    14.97600
     2.60943    14.75322
     2.64147    14.70079
     2.67352    14.71463
     2.70556    14.79977
     2.73760    14.95326
     2.76965    15.11820
     2.80169    14.95077
     2.83374    14.50447
     2.86578    14.01525
     2.89782    13.52744
     2.92987    13.07756
     2.96191    12.75894
     2.99395    12.73587

     0.00000    11.11562
     0.03040    11.17698
     0.06080    11.33917
     0.09120    11.55911
     0.12160    11.80428
     0.15200    12.06044
     0.18240    12.32570
     0.21280    12.60360
     0.24320    12.89920
     0.27359    13.21733
     0.30399    13.56222
     0.33439    13.93720
     0.36479    14.34494
     0.39519    14.78729
     0.42559    15.26515
     0.45599    14.99077
     0.48639    14.42540
     0.51679    13.88079
     0.54719    13.35808
     0.57759    13.08623
     0.60799    12.73587
     0.62826    12.80116
     0.64852    13.02094
     0.66879    13.36290
     0.68905    13.76542
     0.70932    14.19660
     0.72959    14.64105
     0.74985    15.08874
     0.77012    15.52858
     0.79038    15.93695
     0.81065    16.24104
     0.83092    16.34057
     0.85118    16.31940
     0.87145    16.27756
     0.89172    16.24646
     0.91198    16.23537
     0.93348    16.49317
     0.95497    16.69920
     0.97647    16.86878
     0.99797    17.00692
     1.01946    16.92673
     1.04096    16.66848
     1.06245    16.60080
     1.08395    16.22935
     1.10544    15.78781
     1.12694    15.33256
     1.14843    14.89119
     1.16993    14.55896
     1.19143    14.22865
     1.21292    13.90524
     1.23442    13.59506
     1.25591    13.30697
     1.27741    13.05351
     1.29890    12.85138
     1.32040    12.71955
     1.34190    12.67360
     1.36822    12.80515
     1.39455    13.10359
     1.42088    13.43730
     1.44720    13.70687
     1.47353    13.79605
     1.49986    14.08159
     1.52618    14.53503
     1.55251    14.80148
     1.57884    14.75368
     1.60516    14.44742
     1.63149    14.02608
     1.65782    13.56935
     1.68414    13.11197
     1.71047    12.67166
     1.73680    12.26072
     1.76312    11.89066
     1.78945    11.57463
     1.81578    11.32861
     1.84210    11.17046
     1.86843    11.11562
     1.90067    11.22714
     1.93292    11.53601
     1.96516    11.99001
     1.99740    12.54345
     2.02965    13.16476
     2.06189    13.83164
     2.09413    14.52465
     2.12638    15.22064
     2.15862    15.29087
     2.19086    14.70025
     2.22311    14.88747
     2.25535    15.50046
     2.28759    16.20057
     2.31984    16.67039
     2.35208    16.39998
     2.38432    16.09433
     2.41657    15.76752
     2.44881    15.42532
     2.48105    15.27426
     2.51330    15.46394
     2.54534    15.54675
     2.57739    15.84963
     2.60943    15.94969
     2.64147    16.04752
     2.67352    16.16566
     2.70556    16.31463
     2.73760    16.10623
     2.76965    15.72045
     2.80169    15.74037
     2.83374    15.99830
     2.86578    15.21220
     2.89782    14.40515
     2.92987    13.63761
     2.96191    13.01939
     2.99395    12.73587

     0.00000    15.20743
     0.03040    15.28596
     0.06080    15.51821
     0.09120    15.89371
     0.12160    16.39474
     0.15200    16.99839
     0.18240    17.67967
     0.21280    18.41340
     0.24320    18.32897
     0.27359    17.71717
     0.30399    17.15291
     0.33439    16.66702
     0.36479    16.31516
     0.39519    16.17579
     0.42559    15.57641
     0.45599    15.77821
     0.48639    16.32445
     0.51679    16.89913
     0.54719    17.49241
     0.57759    18.08196
     0.60799    18.60982
     0.62826    18.53435
     0.64852    18.35287
     0.66879    18.12800
     0.68905    17.89279
     0.70932    17.66260
     0.72959    17.44603
     0.74985    17.25001
     0.77012    17.08419
     0.79038    16.97136
     0.81065    16.98346
     0.83092    17.21908
     0.85118    17.59009
     0.87145    17.98174
     0.89172    18.28232
     0.91198    18.33660
     0.93348    18.02473
     0.95497    17.74817
     0.97647    17.48094
     0.99797    17.20615
     1.01946    17.08251
     1.04096    16.96990
     1.06245    16.64126
     1.08395    16.96055
     1.10544    17.41891
     1.12694    17.84831
     1.14843    18.22331
     1.16993    18.51227
     1.19143    18.65518
     1.21292    18.77868
     1.23442    18.87942
     1.25591    18.95642
     1.27741    19.01129
     1.29890    19.04715
     1.32040    19.06716
     1.34190    19.07355
     1.36822    18.56370
     1.39455    17.87500
     1.42088    17.23316
     1.44720    16.70558
     1.47353    16.39426
     1.49986    16.38401
     1.52618    16.61887
     1.55251    16.97685
     1.57884    17.20331
     1.60516    17.61298
     1.63149    17.82519
     1.65782    17.64191
     1.68414    17.27005
     1.71047    16.84358
     1.73680    16.42156
     1.76312    16.03250
     1.78945    15.69691
     1.81578    15.43464
     1.84210    15.26591
     1.86843    15.20743
     1.90067    15.29497
     1.93292    15.54557
     1.96516    15.93018
     1.99740    16.41466
     2.02965    16.96431
     2.06189    17.53728
     2.09413    17.12074
     2.12638    16.16024
     2.15862    15.88333
     2.19086    16.44946
     2.22311    16.82687
     2.25535    16.95526
     2.28759    16.87520
     2.31984    16.91020
     2.35208    16.59265
     2.38432    16.37617
     2.41657    16.66797
     2.44881    16.24703
     2.48105    15.74499
     2.51330    15.67234
     2.54534    15.71561
     2.57739    16.13289
     2.60943    16.77659
     2.64147    17.18146
     2.67352    16.96171
     2.70556    16.54777
     2.73760    16.49304
     2.76965    16.66720
     2.80169    16.60502
     2.83374    16.11150
     2.86578    16.59417
     2.89782    17.14138
     2.92987    17.72182
     2.96191    18.27165
     2.99395    18.60982

     0.00000    22.78742
     0.03040    22.61234
     0.06080    22.17286
     0.09120    21.59752
     0.12160    20.96048
     0.15200    20.29832
     0.18240    19.63077
     0.21280    18.97083
     0.24320    18.32897
     0.27359    17.71718
     0.30399    17.15292
     0.33439    16.66703
     0.36479    16.31517
     0.39519    16.17579
     0.42559    16.29224
     0.45599    16.62247
     0.48639    17.09506
     0.51679    17.66009
     0.54719    18.28849
     0.57759    18.92754
     0.60799    18.60982
     0.62826    18.53435
     0.64852    18.35287
     0.66879    18.12800
     0.68905    17.89279
     0.70932    17.66260
     0.72959    17.44604
     0.74985    17.25001
     0.77012    17.08420
     0.79038    16.97136
     0.81065    16.98347
     0.83092    17.21909
     0.85118    17.59010
     0.87145    17.98175
     0.89172    18.28232
     0.91198    18.33661
     0.93348    18.36289
     0.95497    18.19021
     0.97647    18.09177
     0.99797    18.07092
     1.01946    17.79893
     1.04096    17.66196
     1.06245    17.72634
     1.08395    17.86400
     1.10544    18.02384
     1.12694    18.19030
     1.14843    18.35529
     1.16993    18.54571
     1.19143    18.82572
     1.21292    19.06923
     1.23442    19.27500
     1.25591    19.43784
     1.27741    19.55481
     1.29890    19.62939
     1.32040    19.66942
     1.34190    19.68189
     1.36822    20.21806
     1.39455    20.17578
     1.42088    19.53540
     1.44720    18.90708
     1.47353    18.30603
     1.49986    17.75672
     1.52618    17.31144
     1.55251    17.08434
     1.57884    17.20331
     1.60516    17.61298
     1.63149    18.16997
     1.65782    18.79419
     1.68414    19.45009
     1.71047    20.11751
     1.73680    20.77985
     1.76312    21.41556
     1.78945    21.98952
     1.81578    22.38853
     1.84210    22.67752
     1.86843    22.78742
     1.90067    22.57597
     1.93292    21.96806
     1.96516    21.11348
     1.99740    20.14832
     2.02965    19.13966
     2.06189    18.12251
     2.09413    18.06100
     2.12638    18.39617
     2.15862    18.42381
     2.19086    18.22560
     2.22311    17.92857
     2.25535    17.59489
     2.28759    17.25063
     2.31984    16.91424
     2.35208    17.58902
     2.38432    17.20233
     2.41657    16.73245
     2.44881    17.48389
     2.48105    17.38640
     2.51330    16.77768
     2.54534    17.11014
     2.57739    17.59266
     2.60943    18.12488
     2.64147    17.99675
     2.67352    18.49029
     2.70556    18.49605
     2.73760    18.26835
     2.76965    17.84529
     2.80169    17.46117
     2.83374    17.57852
     2.86578    17.87671
     2.89782    18.19182
     2.92987    18.44761
     2.96191    18.61090
     2.99395    18.60982

     0.00000    22.78742
     0.03040    22.61234
     0.06080    22.17287
     0.09120    21.59752
     0.12160    20.96048
     0.15200    20.29833
     0.18240    19.63078
     0.21280    18.97083
     0.24320    19.17398
     0.27359    18.77678
     0.30399    18.10483
     0.33439    17.44712
     0.36479    16.80555
     0.39519    16.18162
     0.42559    16.29225
     0.45599    16.62247
     0.48639    17.09507
     0.51679    17.66009
     0.54719    18.28850
     0.57759    18.95678
     0.60799    19.48997
     0.62826    19.48440
     0.64852    19.43850
     0.66879    19.34766
     0.68905    19.23297
     0.70932    19.10986
     0.72959    18.98728
     0.74985    18.87054
     0.77012    18.76302
     0.79038    18.66696
     0.81065    18.58403
     0.83092    18.51565
     0.85118    18.46362
     0.87145    18.43338
     0.89172    18.47161
     0.91198    18.58927
     0.93348    18.63296
     0.95497    18.66840
     0.97647    18.42166
     0.99797    18.10041
     1.01946    18.11723
     1.04096    18.22101
     1.06245    18.37798
     1.08395    18.58965
     1.10544    18.86269
     1.12694    19.20369
     1.14843    19.60759
     1.16993    20.05043
     1.19143    20.49297
     1.21292    20.66537
     1.23442    20.73666
     1.25591    20.82248
     1.27741    20.94670
     1.29890    21.10110
     1.32040    21.26625
     1.34190    21.38120
     1.36822    20.81428
     1.39455    20.17578
     1.42088    19.53540
     1.44720    18.90708
     1.47353    18.30603
     1.49986    17.75672
     1.52618    17.31144
     1.55251    17.08434
     1.57884    17.36617
     1.60516    17.69785
     1.63149    18.16997
     1.65782    18.79419
     1.68414    19.45009
     1.71047    20.11751
     1.73680    20.77985
     1.76312    21.41556
     1.78945    21.98952
     1.81578    22.44166
     1.84210    22.70731
     1.86843    22.78742
     1.90067    22.66926
     1.93292    22.37203
     1.96516    21.98854
     1.99740    21.57872
     2.02965    21.17949
     2.06189    20.82769
     2.09413    20.58954
     2.12638    20.43177
     2.15862    20.17285
     2.19086    19.87524
     2.22311    19.43092
     2.25535    18.98974
     2.28759    18.54949
     2.31984    18.10720
     2.35208    17.65941
     2.38432    18.12867
     2.41657    18.30618
     2.44881    17.97030
     2.48105    18.39986
     2.51330    19.31841
     2.54534    18.91200
     2.57739    18.50363
     2.60943    18.14582
     2.64147    18.66183
     2.67352    18.66982
     2.70556    19.16574
     2.73760    19.04693
     2.76965    18.66943
     2.80169    18.54722
     2.83374    18.53869
     2.86578    18.60506
     2.89782    18.75484
     2.92987    19.00961
     2.96191    19.32094
     2.99395    19.48997

     0.00000    22.78742
     0.03040    22.80119
     0.06080    22.84264
     0.09120    22.81806
     0.12160    22.19777
     0.15200    21.53206
     0.18240    20.84524
     0.21280    20.15181
     0.24320    19.46034
     0.27359    19.93412
     0.30399    19.99548
     0.33439    19.56799
     0.36479    19.17915
     0.39519    18.84980
     0.42559    18.60864
     0.45599    18.48979
     0.48639    18.51863
     0.51679    18.68309
     0.54719    18.89303
     0.57759    18.95679
     0.60799    19.48997
     0.62826    19.48440
     0.64852    19.43850
     0.66879    19.34767
     0.68905    19.23298
     0.70932    19.10986
     0.72959    18.98729
     0.74985    18.87055
     0.77012    18.76303
     0.79038    18.66697
     0.81065    18.58404
     0.83092    18.51566
     0.85118    18.46363
     0.87145    18.43338
     0.89172    18.47161
     0.91198    18.58928
     0.93348    18.88197
     0.95497    19.21002
     0.97647    19.40295
     0.99797    19.63052
     1.01946    19.85626
     1.04096    20.06504
     1.06245    20.24423
     1.08395    20.38155
     1.10544    20.47119
     1.12694    20.52077
     1.14843    20.54831
     1.16993    20.57279
     1.19143    20.60868
     1.21292    20.68466
     1.23442    20.74757
     1.25591    20.85522
     1.27741    20.98433
     1.29890    21.12792
     1.32040    21.27585
     1.34190    21.38120
     1.36822    20.81428
     1.39455    20.99020
     1.42088    21.79075
     1.44720    22.58010
     1.47353    22.69561
     1.49986    22.06762
     1.52618    21.42580
     1.55251    20.81106
     1.57884    20.25116
     1.60516    19.80520
     1.63149    19.60622
     1.65782    19.75389
     1.68414    20.12299
     1.71047    20.57810
     1.73680    21.05973
     1.76312    21.53878
     1.78945    21.99201
     1.81578    22.44166
     1.84210    22.70731
     1.86843    22.78742
     1.90067    22.72014
     1.93292    22.53007
     1.96516    22.24618
     1.99740    21.90119
     2.02965    21.52395
     2.06189    21.13833
     2.09413    20.76595
     2.12638    20.59876
     2.15862    20.32407
     2.19086    20.05213
     2.22311    20.16011
     2.25535    20.55391
     2.28759    20.99959
     2.31984    20.66816
     2.35208    20.30093
     2.38432    19.92191
     2.41657    19.68568
     2.44881    19.69423
     2.48105    19.71707
     2.51330    19.67782
     2.54534    19.59293
     2.57739    19.38744
     2.60943    19.16163
     2.64147    19.00520
     2.67352    19.35959
     2.70556    19.60849
     2.73760    19.84457
     2.76965    20.09454
     2.80169    19.98289
     2.83374    19.88253
     2.86578    19.78823
     2.89782    19.68882
     2.92987    19.57749
     2.96191    19.48490
     2.99395    19.48997

     0.00000    23.86847
     0.03040    23.72857
     0.06080    23.35091
     0.09120    22.91278
     0.12160    22.74022
     0.15200    22.30322
     0.18240    21.84718
     0.21280    21.38081
     0.24320    20.91154
     0.27359    20.44691
     0.30399    20.66426
     0.33439    21.33599
     0.36479    21.93015
     0.39519    22.44358
     0.42559    22.88555
     0.45599    23.12231
     0.48639    22.40413
     0.51679    21.72706
     0.54719    21.17733
     0.57759    20.51093
     0.60799    19.94332
     0.62826    20.00488
     0.64852    20.18033
     0.66879    20.42417
     0.68905    20.69058
     0.70932    20.94923
     0.72959    21.17512
     0.74985    21.33848
     0.77012    21.39746
     0.79038    21.31295
     0.81065    21.09026
     0.83092    20.77466
     0.85118    20.41011
     0.87145    20.03044
     0.89172    19.68244
     0.91198    19.50751
     0.93348    19.28936
     0.95497    19.34632
     0.97647    19.84512
     0.99797    20.30406
     1.01946    20.43125
     1.04096    20.52854
     1.06245    20.59770
     1.08395    20.64164
     1.10544    20.66465
     1.12694    20.67223
     1.14843    20.67096
     1.16993    20.66879
     1.19143    20.67860
     1.21292    20.92306
     1.23442    21.26487
     1.25591    21.50812
     1.27741    21.63481
     1.29890    21.65160
     1.32040    21.58431
     1.34190    21.50098
     1.36822    22.03195
     1.39455    22.55665
     1.42088    22.99276
     1.44720    23.32017
     1.47353    23.53590
     1.49986    23.66645
     1.52618    23.72782
     1.55251    23.74461
     1.57884    23.73275
     1.60516    23.70378
     1.63149    23.66573
     1.65782    23.62449
     1.68414    23.58492
     1.71047    23.55115
     1.73680    23.52849
     1.76312    23.52478
     1.78945    23.55490
     1.81578    23.64320
     1.84210    23.78640
     1.86843    23.86847
     1.90067    23.74447
     1.93292    23.43959
     1.96516    23.04594
     1.99740    22.61136
     2.02965    22.15813
     2.06189    21.69772
     2.09413    21.23644
     2.12638    20.77797
     2.15862    20.96943
     2.19086    21.61544
     2.22311    21.59624
     2.25535    21.30566
     2.28759    21.18584
     2.31984    21.95501
     2.35208    22.51605
     2.38432    22.07965
     2.41657    21.88629
     2.44881    21.97178
     2.48105    21.66249
     2.51330    21.23176
     2.54534    21.39065
     2.57739    21.21139
     2.60943    20.99064
     2.64147    20.77364
     2.67352    20.40769
     2.70556    20.01067
     2.73760    20.24288
     2.76965    20.48445
     2.80169    20.89027
     2.83374    20.90440
     2.86578    20.83597
     2.89782    20.56861
     2.92987    20.31379
     2.96191    20.09160
     2.99395    19.94332

     0.00000    23.86847
     0.03040    23.76495
     0.06080    23.50106
     0.09120    23.14622
     0.12160    23.01357
     0.15200    23.14787
     0.18240    23.32045
     0.21280    23.53853
     0.24320    23.81285
     0.27359    24.15882
     0.30399    24.59523
     0.33439    25.13886
     0.36479    25.10136
     0.39519    24.51001
     0.42559    23.83704
     0.45599    23.26176
     0.48639    22.91897
     0.51679    22.09065
     0.54719    21.28371
     0.57759    20.51157
     0.60799    19.94332
     0.62826    20.00488
     0.64852    20.18033
     0.66879    20.42417
     0.68905    20.69058
     0.70932    20.94924
     0.72959    21.17512
     0.74985    21.33848
     0.77012    21.39747
     0.79038    21.31296
     0.81065    21.09027
     0.83092    20.77467
     0.85118    20.41011
     0.87145    20.03045
     0.89172    19.68244
     0.91198    19.50752
     0.93348    19.74284
     0.95497    19.95843
     0.97647    20.14628
     0.99797    20.38547
     1.01946    20.89677
     1.04096    21.27454
     1.06245    21.44956
     1.08395    21.52523
     1.10544    21.59750
     1.12694    21.68998
     1.14843    21.79199
     1.16993    21.88438
     1.19143    21.95064
     1.21292    21.98029
     1.23442    21.96951
     1.25591    21.91992
     1.27741    21.83665
     1.29890    21.72664
     1.32040    21.59934
     1.34190    21.50098
     1.36822    22.03195
     1.39455    22.55665
     1.42088    22.99277
     1.44720    23.32039
     1.47353    23.53873
     1.49986    23.66648
     1.52618    23.72782
     1.55251    23.74461
     1.57884    23.73275
     1.60516    23.70378
     1.63149    23.66573
     1.65782    23.62449
     1.68414    23.58492
     1.71047    23.55115
     1.73680    23.52849
     1.76312    23.52478
     1.78945    23.55490
     1.81578    23.64320
     1.84210    23.78640
     1.86843    23.86847
     1.90067    23.74909
     1.93292    23.56871
     1.96516    23.41278
     1.99740    23.25259
     2.02965    23.07265
     2.06189    22.86973
     2.09413    22.64532
     2.12638    22.40259
     2.15862    22.14515
     2.19086    21.87583
     2.22311    22.40557
     2.25535    23.27312
     2.28759    23.86386
     2.31984    23.13207
     2.35208    22.74647
     2.38432    23.28107
     2.41657    22.70025
     2.44881    22.15408
     2.48105    21.95695
     2.51330    21.35806
     2.54534    21.51365
     2.57739    21.83193
     2.60943    21.57238
     2.64147    21.02744
     2.67352    20.57354
     2.70556    20.39521
     2.73760    20.40388
     2.76965    20.73102
     2.80169    20.93476
     2.83374    21.03598
     2.86578    20.84251
     2.89782    20.72232
     2.92987    20.53953
     2.96191    20.19670
     2.99395    19.94332

